1686 2434
2455 2417
2374 2292
1732 2306
994 2290
3090 2249
1776 2184
1150 2188
2299 2174
2914 2154
1297 2090
1817 2069
2228 2062
2743 2064
547 2036
1439 1997
3451 1984
2581 1977
763 1977
3230 1934
972 1920
3013 1886
1175 1866
2801 1838
408 1745
630 1732
851 1719
1069 1705
3507 1696
3290 1690
2860 1677
3075 1683
1122 1549
928 1525
2765 1525
2948 1495
736 1502
545 1479
3127 1467
3304 1439
1165 1370
2676 1350
1024 1320
2800 1297
886 1273
2920 1246
1340 1143
