8 1686 2434
12 2455 2417
13 2374 2292
9 1732 2306
4 994 2290
16 3090 2249
10 1776 2184
5 1150 2188
14 2299 2174
17 2914 2154
6 1297 2090
11 1817 2069
15 2228 2062
18 2743 2064
0 547 2036
7 1439 1997
20 3451 1984
19 2581 1977
1 763 1977
21 3230 1934
2 972 1920
22 3013 1886
3 1175 1866
23 2801 1838
56 408 1745
57 630 1732
58 851 1719
59 1069 1705
24 3507 1696
25 3290 1690
27 2860 1677
26 3075 1683
55 1122 1549
54 928 1525
31 2765 1525
30 2948 1495
53 736 1502
52 545 1479
29 3127 1467
28 3304 1439
50 1165 1370
34 2676 1350
49 1024 1320
33 2800 1297
48 886 1273
32 2920 1246
