12 1766 2444
16 2529 2410
13 1798 2313
8 1056 2316
17 2438 2286
20 3142 2225
9 1201 2210
14 1829 2191
18 2350 2169
21 2957 2135
10 1340 2107
15 1858 2074
4 578 2069
19 2268 2057
22 2779 2048
11 1473 2010
5 790 2005
23 2608 1965
6 995 1943
24 3471 1952
25 3247 1907
7 1195 1882
26 3028 1863
27 2813 1820
0 407 1777
1 631 1759
2 852 1741
3 1071 1723
28 3495 1662
29 3282 1661
30 3069 1659
31 2855 1657
59 1108 1563
58 910 1543
57 713 1523
35 2746 1506
56 518 1504
34 2924 1474
33 3098 1442
32 3270 1410
54 1131 1382
38 2639 1332
53 984 1334
52 840 1288
37 2756 1277
36 2869 1224
